1
1/9/2017
banking
     Timestamp    Trade Open    Trade High     Trade Low   Trade Close
0   2017-01-08  15179.538902  15393.070744  15035.850244  15182.952854
1   2017-01-05  14988.639614  15230.644376  14900.396857  15107.068650
2   2017-01-04  14947.065608  15227.942383  14878.419372  15063.901999
3   2017-01-03  14882.744139  15051.743664  14698.596040  14974.249671
4   2017-01-02  14950.590303  15044.503320  14594.898677  14845.019058
5   2016-12-29  14709.447663  15092.457610  14548.447147  14920.512726
6   2016-12-28  14382.004287  14729.650384  14343.805791  14587.380871
7   2016-12-27  14323.862870  14463.354453  14255.050411  14355.174100
8   2016-12-26  14361.152346  14497.925498  14228.599757  14317.983653
9   2016-12-25  14458.961217  14534.049296  14266.357720  14377.306184
10  2016-12-22  14602.160818  14664.326265  14362.370073  14491.223037
11  2016-12-21  14428.650325  14677.084430  14253.613642  14514.525954
12  2016-12-20  14214.409727  14528.862736  14088.832014  14386.850168
13  2016-12-19  13772.603490  14307.428806  13733.923953  14076.584152
14  2016-12-18  13811.024037  13917.610777  13731.232553  13783.480888
15  2016-12-15  13851.092611  13993.721600  13647.807253  13807.038817
16  2016-12-14  13867.173122  14016.709879  13754.730934  13883.054795
17  2016-12-13  13900.755861  14044.519732  13712.557425  13870.670199
18  2016-12-12  13838.430478  14043.927277  13641.944658  13912.551000
19  2016-12-08  13856.116761  14018.288149  13811.090674  13888.366266
20  2016-12-07  14168.509301  14182.201308  13812.167073  13965.552594
21  2016-12-06  14001.301849  14279.160585  13870.024346  14183.128326
22  2016-12-05  14221.467184  14273.442241  13750.237160  14030.539274
23  2016-12-04  14167.275287  14296.626126  13985.869394  14194.394781
24  2016-12-01  14060.604445  14296.580682  13949.558229  14117.061384
25  2016-11-30  13723.402314  14088.655485  13686.698524  13978.489917
26  2016-11-29  13610.042914  13745.771185  13433.677004  13606.878698
27  2016-11-28  13654.522954  13896.905790  13530.599270  13741.039909
28  2016-11-27  13665.184195  13887.167378  13464.171086  13584.414994
29  2016-11-24  14048.879219  14086.164188  13652.470965  13784.393805
..         ...           ...           ...           ...           ...
708 2014-02-16   7333.794125   7377.763819   7206.082491   7275.474345
709 2014-02-13   7252.480375   7329.714200   7147.499123   7256.514676
710 2014-02-12   7436.380499   7507.082885   7091.944762   7166.213212
711 2014-02-11   7060.320782   7125.695609   7009.315252   7073.228605
712 2014-02-10   7040.460541   7119.362675   6989.974489   7063.577791
713 2014-02-09   7100.164006   7133.317791   7008.210542   7047.194560
714 2014-02-06   6974.818703   7131.799722   6929.335001   7038.655014
715 2014-02-05   6873.797560   6986.334679   6861.220510   6922.369208
716 2014-02-04   6972.162230   6978.824723   6843.788946   6892.055212
717 2014-02-03   7004.928491   7049.349406   6936.495459   6995.409189
718 2014-02-02   7052.872113   7092.703808   6994.290895   7035.108895
719 2014-01-30   7041.261600   7095.051391   6986.806177   7036.753604
720 2014-01-29   7026.029965   7066.478983   6956.357588   7018.168841
721 2014-01-28   6978.715519   7076.859519   6943.068594   7019.021148
722 2014-01-27   6956.960532   7000.399748   6912.645216   6960.116628
723 2014-01-26   6727.557552   7050.573814   6663.784385   6936.852116
724 2014-01-23   6960.745629   7011.777272   6889.848655   6944.192327
725 2014-01-22   6912.821894   7036.418188   6865.339875   6951.983098
726 2014-01-21   6847.830465   6949.930993   6805.256805   6890.532045
727 2014-01-20   6829.597415   6908.521678   6757.398841   6851.102198
728 2014-01-19   6949.971121   6962.716106   6789.762991   6850.419678
729 2014-01-16   7033.489648   7044.552538   6927.653030   6969.549709
730 2014-01-15   7058.762340   7109.734010   6948.757595   7041.801517
731 2014-01-14   6988.425693   7150.142445   6951.810472   7059.813749
732 2014-01-12   6928.124834   7093.641042   6892.277543   7009.295701
733 2014-01-09   6919.031722   6959.566443   6867.422868   6909.203115
734 2014-01-08   6887.985357   6934.232547   6827.247914   6889.201912
735 2014-01-06   6908.559166   6955.441180   6811.005686   6857.612743
736 2014-01-05   6827.042975   6930.887062   6807.622890   6879.492198
737 2014-01-02   6776.923668   6882.100183   6759.936258   6811.300000

[738 rows x 5 columns]
RealEstate
     Timestamp    Trade Open    Trade High     Trade Low   Trade Close
0   2017-01-08  12809.211986  12927.151650  12408.086785  12664.335157
1   2017-01-05  12525.760512  12892.050865  12420.466342  12648.503717
2   2017-01-04  12259.822083  12621.353002  12139.246881  12414.683065
3   2017-01-03  12002.467108  12277.320293  11834.483067  12080.183496
4   2017-01-02  12105.848185  12233.947843  11779.778107  11998.269944
5   2016-12-29  12236.844887  12346.297920  11885.980025  12082.555542
6   2016-12-28  12208.148129  12417.445196  12079.913813  12232.135236
7   2016-12-27  12200.817309  12357.621858  11964.420408  12153.946279
8   2016-12-26  12200.316598  12360.365653  12002.999296  12154.812478
9   2016-12-25  12308.206835  12456.383075  12056.628001  12258.479507
10  2016-12-22  12563.372578  12733.470309  12120.348999  12459.342379
11  2016-12-21  12318.004141  12670.407718  12224.044138  12454.350559
12  2016-12-20  12394.474475  12602.561129  12089.806387  12326.834910
13  2016-12-19  11759.859512  12424.198285  11597.151136  12047.751494
14  2016-12-18  11809.298022  11928.421029  11582.191336  11731.625257
15  2016-12-15  11580.299534  11817.653188  11429.675256  11627.065477
16  2016-12-14  11840.258122  11970.731703  11379.261898  11646.038014
17  2016-12-13  12120.432431  12260.963822  11677.211367  11927.459142
18  2016-12-12  11827.869938  12334.856640  11733.558663  12096.682684
19  2016-12-08  11375.517563  11980.634799  11222.931529  11593.049936
20  2016-12-07  11607.530627  11831.518838  11129.003719  11460.714301
21  2016-12-06  11260.203723  11646.954775  11169.145542  11384.095385
22  2016-12-05  11373.782068  11573.298029  11037.223123  11259.622901
23  2016-12-04  11515.825396  11619.295209  11263.245754  11412.707369
24  2016-12-01  11579.513767  11730.088602  11237.417208  11493.287441
25  2016-11-30  11534.263092  11804.401803  11323.102118  11552.296460
26  2016-11-29  11282.520440  11568.736573  11059.723754  11341.324309
27  2016-11-28  11173.617301  11561.812126  11042.247404  11318.243280
28  2016-11-27  11270.410118  11403.803145  10982.909110  11188.393780
29  2016-11-24  11781.061466  12039.253025  10998.471438  11447.744587
..         ...           ...           ...           ...           ...
708 2014-02-16   8045.992589   8103.802612   7834.737513   7432.725663
709 2014-02-13   7991.968554   8117.546865   7841.874545   7476.459168
710 2014-02-12   7987.599224   8118.575417   7852.768968   7455.303885
711 2014-02-11   7867.800016   8019.676195   7757.082428   7382.231070
712 2014-02-10   7967.640404   8047.665525   7797.212350   7398.498271
713 2014-02-09   7903.032479   8081.962640   7787.742317   7428.375818
714 2014-02-06   7872.809953   7956.004148   7675.331817   7304.424640
715 2014-02-05   7677.254377   7873.457665   7532.131204   7215.957696
716 2014-02-04   7734.454018   7788.418610   7514.833621   7107.197861
717 2014-02-03   7786.308253   7885.718445   7605.693538   7212.672964
718 2014-02-02   7770.973455   7938.278905   7608.456795   7276.799053
719 2014-01-30   7605.381198   7821.961438   7482.139266   7150.441412
720 2014-01-29   7656.692472   7741.109274   7421.612170   7061.788967
721 2014-01-28   7591.292161   7754.607107   7467.632159   7060.752569
722 2014-01-27   7481.209238   7666.295778   7361.525239   6981.190326
723 2014-01-26   7518.281203   7608.911111   7316.263142   6930.427900
724 2014-01-23   7509.468538   7611.609262   7358.664108   6970.912107
725 2014-01-22   7457.880241   7558.443447   7318.367327   6904.851053
726 2014-01-21   7431.078114   7524.634093   7298.093442   6871.705713
727 2014-01-20   7394.894963   7503.269443   7256.251334   6852.710143
728 2014-01-19   7582.101671   7597.283740   7243.088104   6844.444794
729 2014-01-16   7623.827689   7682.663258   7414.872744   7009.788249
730 2014-01-15   7699.224598   7772.728787   7490.212470   7109.882851
731 2014-01-14   7659.898418   7860.393055   7522.604713   7180.105418
732 2014-01-12   7508.716099   7716.405411   7337.297403   7038.922315
733 2014-01-09   7472.851176   7590.049795   7339.590635   6930.069998
734 2014-01-08   7361.228104   7527.990889   7250.331215   6852.471746
735 2014-01-06   7405.007240   7475.080669   7220.059383   6801.403174
736 2014-01-05   7417.242474   7521.951419   7255.187162   6847.858866
737 2014-01-02   7388.099817   7462.535569   7245.941300   6811.300000

[738 rows x 5 columns]
pet-Chemicals
     Timestamp   Trade Open   Trade High    Trade Low  Trade Close
0   2017-01-08  5322.095919  5345.761138  5157.519532  5200.965899
1   2017-01-05  5254.740777  5338.098690  5164.809302  5240.987409
2   2017-01-04  5244.765777  5306.167934  5222.388003  5261.249997
3   2017-01-03  5286.210552  5338.116849  5225.338130  5289.503165
4   2017-01-02  5247.108629  5442.263127  5217.110909  5310.540272
5   2016-12-29  5355.971186  5406.041034  5230.506620  5298.987957
6   2016-12-28  5441.211230  5455.962847  5357.576711  5404.472859
7   2016-12-27  5393.581510  5568.548596  5348.529272  5445.477686
8   2016-12-26  5463.217398  5500.692129  5358.659616  5443.635621
9   2016-12-25  5371.344767  5476.513687  5339.404188  5398.419722
10  2016-12-22  5425.932925  5530.507841  5318.821225  5472.590884
11  2016-12-21  5498.411394  5541.041224  5398.930269  5453.455239
12  2016-12-20  5636.551025  5788.423019  5451.181897  5546.309391
13  2016-12-19  5562.221375  5705.654483  5553.003435  5651.985117
14  2016-12-18  5513.332361  5766.555828  5487.400588  5610.847840
15  2016-12-15  5416.189653  5467.898110  5365.533664  5415.129193
16  2016-12-14  5457.759874  5491.497602  5323.555554  5391.720841
17  2016-12-13  5485.753881  5516.083946  5385.676548  5461.342865
18  2016-12-12  5368.975928  5527.405306  5345.446891  5454.740471
19  2016-12-08  5358.125932  5508.557540  5271.602322  5440.342416
20  2016-12-07  5419.986308  5451.869609  5274.327949  5372.612402
21  2016-12-06  5427.786502  5483.368232  5356.002025  5426.365710
22  2016-12-05  5533.990233  5574.121574  5387.413706  5451.017707
23  2016-12-04  5429.512029  5573.027236  5376.924326  5498.017511
24  2016-12-01  5430.630112  5611.424043  5390.781814  5474.547180
25  2016-11-30  5392.085202  5472.603805  5312.189820  5399.395940
26  2016-11-29  5310.195159  5445.042877  5212.306723  5312.611524
27  2016-11-28  5419.547163  5462.358711  5234.848995  5344.607812
28  2016-11-27  5295.122191  5455.260765  5250.894759  5359.991550
29  2016-11-24  5366.040375  5491.620418  5222.019736  5387.840986
..         ...          ...          ...          ...          ...
708 2014-02-16  7994.631908  8071.724267  7650.428677  7057.449574
709 2014-02-13  7920.732627  8120.036509  7594.598750  7071.116106
710 2014-02-12  7872.748125  8018.543948  7570.334205  6978.175766
711 2014-02-11  7903.131438  8040.103535  7600.829881  7024.371147
712 2014-02-10  7923.281975  8057.404576  7603.193861  7033.295142
713 2014-02-09  7876.689351  8036.737526  7569.196405  7009.410545
714 2014-02-06  7942.211464  8027.430803  7614.389422  6992.726139
715 2014-02-05  7820.069762  7965.622936  7521.077064  6949.372597
716 2014-02-04  7855.366656  7944.215458  7524.761799  6944.516034
717 2014-02-03  7856.091450  7965.731193  7555.823162  6953.817874
718 2014-02-02  7861.659313  7961.733950  7489.499685  6943.299939
719 2014-01-30  7821.890220  7967.487511  7515.756465  6923.202133
720 2014-01-29  7870.167831  7955.744970  7559.115086  6946.069846
721 2014-01-28  7883.315851  7953.313334  7542.827717  6932.129669
722 2014-01-27  7826.716725  7898.659540  7525.415918  6922.094628
723 2014-01-26  7755.085748  7888.908578  7411.599760  6906.365453
724 2014-01-23  7833.026869  7933.073610  7516.719927  6921.790309
725 2014-01-22  7561.583957  7899.021933  7262.733412  6888.893781
726 2014-01-21  7787.772036  7870.968308  7486.379186  6864.797273
727 2014-01-20  7743.428423  7799.375204  7434.846973  6802.825525
728 2014-01-19  7790.178301  7842.817603  7418.069586  6802.997730
729 2014-01-16  7846.087359  7933.646894  7516.750296  6928.223996
730 2014-01-15  7814.240055  7897.574072  7477.482074  6891.437702
731 2014-01-14  7815.794319  7898.708631  7481.824642  6893.909554
732 2014-01-12  7796.847713  7888.465073  7468.485131  6860.893192
733 2014-01-09  7808.407182  7879.328651  7472.139273  6869.550929
734 2014-01-08  7735.391214  7834.448975  7430.582474  6792.476248
735 2014-01-06  7745.888299  7814.377347  7427.960583  6784.102258
736 2014-01-05  7755.838387  7837.475969  7452.706459  6814.742636
737 2014-01-02  7732.730202  7810.061834  7425.166477  6811.300000

[738 rows x 5 columns]
telecom
     Timestamp   Trade Open   Trade High    Trade Low  Trade Close
0   2017-01-08  7178.672426  7489.220648  7103.495719  7326.850192
1   2017-01-05  6978.961646  7231.675452  6900.484394  7097.886862
2   2017-01-04  6916.900777  7091.678261  6804.374452  6970.701300
3   2017-01-03  6549.091451  6857.220211  6510.314850  6745.871414
4   2017-01-02  6507.922183  6670.406860  6414.738693  6552.915002
5   2016-12-29  6656.404139  6700.615611  6413.847691  6551.468565
6   2016-12-28  6626.860829  6714.904886  6507.700400  6614.907835
7   2016-12-27  6625.150031  6767.406712  6499.786892  6643.508242
8   2016-12-26  6647.203716  6729.581755  6528.990732  6623.223463
9   2016-12-25  6854.186097  6943.667678  6534.387930  6723.594905
10  2016-12-22  7090.619574  7226.148662  6769.887574  6982.295624
11  2016-12-21  7008.236747  7245.095285  6932.926925  7090.115477
12  2016-12-20  6978.952549  7268.369844  6733.824621  6995.103681
13  2016-12-19  6208.307532  6765.238824  6169.060501  6501.705340
14  2016-12-18  6180.718755  6314.102092  6128.231062  6215.442494
15  2016-12-15  6059.559482  6171.991381  5982.702954  6065.212885
16  2016-12-14  5974.909308  6081.231203  5919.632558  5998.633325
17  2016-12-13  6064.760277  6169.922492  5882.155384  6015.181290
18  2016-12-12  5864.401993  6137.259930  5818.065789  6004.795185
19  2016-12-08  5684.541676  5920.716067  5665.966800  5797.648886
20  2016-12-07  5746.613702  5857.760600  5555.572775  5672.103401
21  2016-12-06  5628.362453  5768.476901  5620.077292  5699.012181
22  2016-12-05  5783.938576  5831.077361  5597.344258  5695.836191
23  2016-12-04  5797.576160  5902.846312  5718.216332  5800.444964
24  2016-12-01  5682.181291  5847.318162  5616.385050  5758.229556
25  2016-11-30  5650.569272  5768.850207  5552.911999  5661.679634
26  2016-11-29  5577.600565  5631.439227  5455.421514  5538.463567
27  2016-11-28  5494.926787  5699.998987  5475.294139  5588.735276
28  2016-11-27  5567.353400  5631.416706  5388.631410  5480.317161
29  2016-11-24  5749.395152  5830.605944  5536.644845  5653.779650
..         ...          ...          ...          ...          ...
708 2014-02-16  7310.323343  7322.834846  7168.572367  7242.508142
709 2014-02-13  7232.809086  7324.925171  7154.011546  7252.007661
710 2014-02-12  7228.268656  7295.735291  7182.874997  7229.323018
711 2014-02-11  7119.255707  7264.341939  7074.613651  7199.629007
712 2014-02-10  7148.688400  7187.333379  7024.847127  7096.965464
713 2014-02-09  7089.532957  7146.700669  7014.318731  7089.074952
714 2014-02-06  7065.496352  7187.408699  7014.625132  7113.359522
715 2014-02-05  7002.228582  7094.315827  6969.679634  7033.484542
716 2014-02-04  7134.251674  7159.851878  6961.902098  7014.852147
717 2014-02-03  7193.387431  7255.674079  7074.136452  7164.239972
718 2014-02-02  7240.290574  7248.092959  7067.806626  7157.585666
719 2014-01-30  7117.957709  7235.134043  7076.233865  7152.893919
720 2014-01-29  7100.329269  7207.020308  7030.135951  7113.091474
721 2014-01-28  7155.728044  7254.134612  6981.293336  7101.277324
722 2014-01-27  6927.695230  7050.315348  6863.439674  6971.360552
723 2014-01-26  6837.302266  7055.654804  6769.731188  6959.859433
724 2014-01-23  6852.859516  7037.491326  6792.636223  6937.566697
725 2014-01-22  6796.899350  6919.104157  6759.428249  6853.877100
726 2014-01-21  6815.037997  6864.706585  6731.545250  6797.701492
727 2014-01-20  6656.848590  6858.528430  6634.725864  6773.814852
728 2014-01-19  6795.483920  6910.706557  6639.074544  6760.897021
729 2014-01-16  7015.023136  7032.596313  6817.794494  6902.235877
730 2014-01-15  6970.539279  7053.809450  6816.952446  6949.385779
731 2014-01-14  6876.116650  7010.629599  6775.557654  6906.909181
732 2014-01-12  6804.899994  6892.878681  6753.821961  6826.474200
733 2014-01-09  6775.778358  6836.330628  6730.355526  6786.510909
734 2014-01-08  6848.760131  6901.008178  6658.680735  6754.730040
735 2014-01-06  6774.224024  6780.017973  6613.735560  6675.928753
736 2014-01-05  6835.114471  6863.198005  6709.883557  6776.886055
737 2014-01-02  6792.345115  6918.802775  6764.835251  6811.300000

[738 rows x 5 columns]
financialServices
     Timestamp    Trade Open    Trade High     Trade Low   Trade Close
0   2017-01-08  13335.115621  13440.337273  12842.828991  13096.074077
1   2017-01-05  12836.209878  13451.716964  12752.237835  13172.035936
2   2017-01-04  12695.020820  13040.818303  12560.013837  12789.605445
3   2017-01-03  12592.370170  12843.534473  12391.679257  12617.896129
4   2017-01-02  12818.336031  13047.057060  12397.349763  12691.219949
5   2016-12-29  12909.616195  13188.446831  12248.775613  12760.352305
6   2016-12-28  12913.162259  12998.886929  12637.998985  12798.977344
7   2016-12-27  12948.879194  13175.315108  12700.745180  12903.991198
8   2016-12-26  12815.543213  13132.497936  12652.756800  12901.907843
9   2016-12-25  13048.592753  13220.046783  12699.040351  12919.716802
10  2016-12-22  13441.141573  13658.412591  12799.223757  13270.979811
11  2016-12-21  13011.626408  13512.767023  12923.758268  13243.391687
12  2016-12-20  13089.903877  13370.007342  12722.325245  13007.321666
13  2016-12-19  12398.034586  13196.967880  12317.633273  12791.258738
14  2016-12-18  12540.523787  12717.378428  12286.051749  12518.977828
15  2016-12-15  12560.933704  12755.837174  12277.663396  12529.286651
16  2016-12-14  12659.120330  13075.620053  12298.292597  12647.492486
17  2016-12-13  12598.337945  12912.769833  12206.552997  12647.772761
18  2016-12-12  12331.465950  12771.588604  11921.818234  12397.071092
19  2016-12-08  11980.028702  12448.157266  11821.970201  12102.596296
20  2016-12-07  12839.598376  12974.417137  11764.149739  12276.471016
21  2016-12-06  13027.103019  13195.198977  12574.714937  12878.605978
22  2016-12-05  13537.927101  13686.943522  12856.192416  13199.061120
23  2016-12-04  13725.883645  13942.208038  13402.859283  13648.379778
24  2016-12-01  13299.062939  13921.213881  13252.815817  13607.044523
25  2016-11-30  13053.455357  13691.952095  12999.868204  13363.117941
26  2016-11-29  12703.715327  13127.608260  12454.786583  12824.778581
27  2016-11-28  12775.288325  13021.163305  12508.827969  12744.317920
28  2016-11-27  12775.738269  13189.222091  12578.295184  12841.022785
29  2016-11-24  13206.091399  13609.171558  12694.362447  13055.979575
..         ...           ...           ...           ...           ...
708 2014-02-16   9781.347666  10248.578717   9667.312762  10004.311517
709 2014-02-13   9772.198320   9992.144479   9653.871443   9815.086758
710 2014-02-12   9679.775044   9953.279809   9567.769246   9776.386042
711 2014-02-11   9238.148970   9720.418917   9133.614498   9452.406742
712 2014-02-10   9281.874984   9581.548781   8904.192163   9236.316046
713 2014-02-09   8946.998934   9329.424909   8879.484425   9157.628616
714 2014-02-06   8783.565060   8993.522886   8685.918663   8827.355127
715 2014-02-05   8440.990987   8729.281321   8378.417868   8595.496693
716 2014-02-04   8466.354997   8549.551071   8247.999221   8338.593955
717 2014-02-03   8392.845028   8614.007766   8308.605095   8475.894041
718 2014-02-02   8589.899621   8728.339222   8326.912746   8525.156313
719 2014-01-30   8271.335334   8615.233475   8189.052660   8453.364732
720 2014-01-29   8049.043574   8332.197444   7975.885374   8194.576987
721 2014-01-28   7979.671178   8213.405405   7916.792918   8066.883415
722 2014-01-27   7879.372157   8027.931343   7712.687883   7894.962705
723 2014-01-26   7943.785136   8081.804232   7724.040707   7852.254887
724 2014-01-23   7780.335587   8036.749967   7648.269035   7855.276996
725 2014-01-22   7518.590130   7802.946195   7456.261535   7627.036090
726 2014-01-21   7492.852992   7637.510613   7354.279513   7494.182057
727 2014-01-20   7327.791877   7550.049489   7304.825602   7429.718915
728 2014-01-19   7601.015672   7688.250586   7268.574665   7407.795422
729 2014-01-16   7771.865393   7934.980940   7516.858436   7676.664115
730 2014-01-15   7807.325855   7969.669308   7597.568800   7784.718373
731 2014-01-14   8030.018582   8089.382498   7708.072040   7902.738929
732 2014-01-12   7886.558329   8145.251620   7666.261121   7970.142328
733 2014-01-09   7263.593839   7720.659998   7212.624203   7541.306660
734 2014-01-08   7037.759582   7254.976741   6996.413132   7162.033836
735 2014-01-06   6981.267917   7120.235171   6851.228302   6974.880613
736 2014-01-05   6830.622722   7030.526809   6816.483512   6949.863352
737 2014-01-02   6778.432248   6870.767572   6750.477780   6811.300000

[738 rows x 5 columns]
foods-Beverages
     Timestamp    Trade Open    Trade High     Trade Low   Trade Close
0   2017-01-08  15072.180436  15261.575727  14847.803993  15094.588289
1   2017-01-05  15175.899493  15292.632404  14985.259660  15145.150632
2   2017-01-04  15110.527369  15353.225388  14940.454937  15192.236924
3   2017-01-03  15251.151550  15434.353820  14949.801392  15136.703024
4   2017-01-02  15260.828465  15496.119516  14887.039524  15177.483152
5   2016-12-29  15035.295365  15475.259342  14894.519046  15100.231804
6   2016-12-28  15174.043603  15326.579282  14895.457306  15113.432999
7   2016-12-27  15145.770954  15416.640956  14887.944958  15187.656128
8   2016-12-26  14868.666329  15368.299212  14668.526672  15106.497059
9   2016-12-25  15217.901808  15401.457281  14643.317897  14963.674681
10  2016-12-22  15260.545529  15363.157590  14939.199041  15107.607765
11  2016-12-21  15054.682603  15274.507739  14918.773924  15083.554285
12  2016-12-20  15045.473467  15353.506550  14844.003598  15055.188786
13  2016-12-19  14759.480660  15161.966432  14684.212771  14922.539688
14  2016-12-18  14913.641449  15290.663321  14417.301370  15043.755739
15  2016-12-15  14959.957426  15207.811428  14683.038589  14995.108547
16  2016-12-14  14970.730441  15194.516428  14655.813915  14845.636067
17  2016-12-13  15486.211602  15624.639905  14612.928962  15067.893458
18  2016-12-12  15059.344043  15596.700770  15018.824762  15303.112962
19  2016-12-08  15183.097301  15509.999174  15058.689150  15272.041298
20  2016-12-07  15880.337833  15972.559182  14943.093006  15389.540844
21  2016-12-06  15056.335549  15774.643905  14877.210337  15509.213123
22  2016-12-05  15144.112733  15506.508050  14961.457428  15166.979516
23  2016-12-04  15470.197196  16163.659372  15245.417985  15540.437197
24  2016-12-01  14871.980269  15358.809148  14693.810582  15068.741113
25  2016-11-30  14874.020509  15026.240077  14650.995357  14836.085088
26  2016-11-29  14686.849147  14983.844441  14404.468755  14702.926521
27  2016-11-28  14684.387932  14850.518197  14338.426369  14653.233499
28  2016-11-27  14896.343041  14935.206828  14207.834529  14547.473807
29  2016-11-24  15067.463226  15207.549739  14486.092290  14798.675250
..         ...           ...           ...           ...           ...
708 2014-02-16  13429.008435  14036.546717  12689.331700   9183.271726
709 2014-02-13  13445.438439  14000.401941  12699.407039   9144.155535
710 2014-02-12  13369.235177  13565.437928  13092.646506   9305.316866
711 2014-02-11  12527.689907  13132.050138  12296.254358   8546.845057
712 2014-02-10  11934.479008  12721.137470  11596.706223   8229.110092
713 2014-02-09  11639.965844  12239.136872  11470.716184   7815.373819
714 2014-02-06  11235.960275  11864.007806  10980.170720   7488.751784
715 2014-02-05  11080.485497  11444.118916  10869.555718   7045.042852
716 2014-02-04  11078.210406  11414.967550  10807.674785   6986.830611
717 2014-02-03  10953.002760  11372.650025  10756.806423   6925.457603
718 2014-02-02  11041.947960  11267.105644  10762.506439   6910.182588
719 2014-01-30  11267.096493  11441.811855  10828.185841   6976.212843
720 2014-01-29  11330.642590  11582.330900  11001.183139   7166.846790
721 2014-01-28  11347.698687  11818.370076  11043.795402   7317.335581
722 2014-01-27  11052.625256  11575.886889  10820.235601   7188.743113
723 2014-01-26  10898.618550  11232.526691  10712.496988   6864.186838
724 2014-01-23  10901.727504  11281.571370  10715.794112   6865.054862
725 2014-01-22  11282.770537  11443.068088  10720.184132   6916.653258
726 2014-01-21  11231.204323  11579.733371  10950.383653   7133.504345
727 2014-01-20  10735.543901  11360.901023  10495.839634   6922.041756
728 2014-01-19  10711.142449  10931.054777  10469.102883   6570.814319
729 2014-01-16  10825.972878  11019.739791  10579.395611   6713.700859
730 2014-01-15  10780.917055  11029.633437  10583.454540   6701.312130
731 2014-01-14  10765.353483  11033.229253  10569.822903   6693.094602
732 2014-01-12  10822.043609  11029.862453  10599.374326   6710.814741
733 2014-01-09  10861.089742  11055.835702  10615.847947   6734.084418
734 2014-01-08  10833.961609  11036.521006  10658.696756   6743.667478
735 2014-01-06  10901.654971  11085.913455  10636.948008   6745.851183
736 2014-01-05  10898.815019  11151.200662  10703.361794   6818.893796
737 2014-01-02  10837.927327  11146.350429  10625.313727   6811.300000

[738 rows x 5 columns]
Construction and Building
     Timestamp   Trade Open   Trade High    Trade Low  Trade Close
0   2017-01-08  5797.662487  5830.857909  5619.416672  5690.675740
1   2017-01-05  5774.962915  5875.239909  5687.870574  5762.231189
2   2017-01-04  5836.102922  5921.216942  5681.784975  5801.701015
3   2017-01-03  5707.534713  5817.663437  5621.678137  5730.127440
4   2017-01-02  5618.030526  5771.634247  5579.430076  5705.560050
5   2016-12-29  5598.137610  5754.389771  5457.797681  5576.905165
6   2016-12-28  5567.101835  5640.771179  5463.913030  5560.265020
7   2016-12-27  5470.261587  5597.449833  5408.844317  5536.108825
8   2016-12-26  5400.096677  5505.574133  5324.325662  5410.129568
9   2016-12-25  5503.534617  5532.592096  5291.773828  5399.561833
10  2016-12-22  5690.380033  5772.343829  5403.866556  5573.949801
11  2016-12-21  5726.631322  5889.189878  5602.135263  5758.126067
12  2016-12-20  5646.470815  5790.085765  5598.068622  5706.833173
13  2016-12-19  5502.297649  5696.984677  5425.744779  5550.450649
14  2016-12-18  5387.823108  5568.849232  5319.931791  5449.825716
15  2016-12-15  5278.819797  5466.294745  5193.271334  5330.058635
16  2016-12-14  5337.138783  5402.226093  5200.307133  5298.144005
17  2016-12-13  5319.796045  5498.829131  5180.773512  5326.084211
18  2016-12-12  5196.738760  5365.781216  5094.432333  5258.587513
19  2016-12-08  5079.656330  5244.171135  5007.063120  5165.572370
20  2016-12-07  5088.009773  5198.852505  4938.436036  5053.211779
21  2016-12-06  5112.252407  5157.384089  5030.579063  5088.220030
22  2016-12-05  5156.494944  5248.757275  5005.925839  5121.130094
23  2016-12-04  5080.115788  5259.094483  5043.926594  5169.188299
24  2016-12-01  5109.841076  5183.900706  4996.452761  5062.906011
25  2016-11-30  5091.150366  5200.236932  4967.906583  5070.036962
26  2016-11-29  5041.296817  5129.769176  4942.624080  5041.279283
27  2016-11-28  5028.423084  5197.551233  4971.558581  5089.830391
28  2016-11-27  5049.062098  5131.500821  4974.183648  5059.453991
29  2016-11-24  5219.483065  5308.085094  4959.736516  5120.321340
..         ...          ...          ...          ...          ...
708 2014-02-16  8331.408416  8759.883552  8186.479930  8058.848509
709 2014-02-13  8238.137980  8816.121781  8174.994345  8063.931196
710 2014-02-12  8244.895325  8681.565926  8115.859090  7950.776094
711 2014-02-11  8170.227363  8655.953747  8048.751654  7903.123336
712 2014-02-10  8082.892336  8616.198630  7964.146723  7849.384654
713 2014-02-09  8095.564407  8576.560161  7844.944267  7790.794954
714 2014-02-06  7930.417637  8515.194471  7843.399209  7766.571380
715 2014-02-05  7872.642707  8396.906176  7789.115949  7611.363157
716 2014-02-04  7815.917839  8269.582933  7659.822409  7512.489664
717 2014-02-03  7676.249272  8259.731162  7628.181965  7509.043126
718 2014-02-02  7652.845226  8157.551997  7577.286970  7423.154049
719 2014-01-30  7452.737768  7976.543580  7428.878736  7278.902447
720 2014-01-29  7422.496066  7845.183610  7365.116705  7159.369631
721 2014-01-28  7369.634019  7817.276466  7328.928722  7126.567932
722 2014-01-27  7295.729538  7768.100635  7252.015935  7071.551730
723 2014-01-26  7281.634884  7684.122854  7204.090486  6983.979958
724 2014-01-23  7268.381156  7728.807595  7213.759397  7004.126011
725 2014-01-22  7263.155330  7798.258585  7228.646657  7043.888339
726 2014-01-21  7232.960311  7700.328386  7163.988125  7002.154493
727 2014-01-20  7235.968702  7676.679468  7148.700698  6988.908935
728 2014-01-19  7360.958594  7736.599106  7218.277205  7035.098025
729 2014-01-16  7472.501390  7939.758782  7332.051343  7187.925670
730 2014-01-15  7388.985969  7881.814132  7361.252877  7195.074283
731 2014-01-14  7409.451886  7845.067036  7279.967219  7111.451692
732 2014-01-12  7362.771328  7782.429294  7301.679729  7110.854445
733 2014-01-09  7288.904187  7758.941288  7254.557013  7038.622194
734 2014-01-08  7205.794749  7654.717812  7106.485849  6946.746461
735 2014-01-06  7150.845595  7599.293625  7041.908253  6889.658290
736 2014-01-05  7095.489852  7577.282698  7085.196314  6881.578320
737 2014-01-02  7009.136953  7465.357289  7009.136953  6811.300000

[738 rows x 5 columns]
['Sheet', 'COMI', 'GTHE', 'EAST', 'ORAS', 'ETEL', 'SWDY', 'ABUK', 'MFPC', 'TMGH', 'CIEB', 'EGAL', 'EMFD', 'HRHO', 'HELI', 'EFID', 'EKHO', 'SKPC', 'MNHD', 'PHAR', 'ESRS', 'AMOC', 'ORWE', 'JUFO', 'PHDC', 'FAITA', 'FAIT', 'PIOH', 'SUCE', 'EGBE', 'CLHO', 'IRON', 'OCDI', 'CCAP', 'OTMT', 'EGCH', 'OLFI', 'ORHD', 'ARCC', 'POUL', 'AUTO', 'EGAS', 'DOMT', 'NAHO', 'PORT', 'BTFH', 'SAUD', 'ADIB', 'SVCE', 'CANA', 'EXPA', 'CSAG', 'AMER', 'MOIL', 'EFIC', 'EGTS', 'ACGC', 'NCMP', 'RAYA', 'ACRO', 'UNIT', 'RTVC', 'PACH', 'MICH', 'CEFM', 'ESGI', 'ASCM', 'UEGC', 'COSG', 'AIND', 'ELEC', 'GSSC', 'ELSH', 'KABO', 'CERA', 'ECAP', 'ETRS', 'EHDR', 'NASR', 'GGCC', 'PRMH', 'SDTI', 'PRCL', 'APSW', 'UASG', 'AFDI', 'AJWA', 'ZEOT', 'RREI', 'ELWA', 'ABRD', 'CIRF', 'MENA', 'MEPA', 'EIUD', 'GOCO', 'ALRA', 'SMFR', 'EDBM', 'GMCI', 'EPPK']
['COMI', 'ADIB', 'SAUD', 'FAIT', 'CANA', 'EXPA', 'CIEB', 'QNBA', 'EGBE', 'HDBK']
['TMGH', 'HELI', 'MUHD', 'PNDC', 'OCDI', 'UEGC', 'UNIT', 'ELSH', 'ELKA', 'EMFD', 'PORT', 'AMER', 'EGTS', 'RTVC', 'GGCC']
['SKPC', 'AMOC', 'EFIC', 'EGCH', 'ABUK', 'MFPC', 'MINC', 'EGAS', 'ASCM']
['RAYA', 'OTMT', 'ETEL', 'GTHE']
['HRHC', 'PIOH', 'BTFH', 'PRMH', 'NAHO', 'AFDI', 'ABRD']
['DOMT', 'COSG', 'NEDU', 'EFID', 'MPCO', 'IFAP', 'SUGR', 'ISMA', 'AJWA', 'AIRA', 'NCMD', 'MILS', 'CEFM', 'UEFM', 'AFME', 'SCFM', 'WCDF', 'EDFM', 'UFMC']
['ESRS', 'ECAP', 'IRON', 'EGAL', 'ALUM', 'ARCC', 'SVCE', 'NCEM', 'SCEM', 'SUCE', 'MBSC', 'MCQE', 'PACH', 'EDBM', 'LCSW']
     Timestamp  Trade Open  Trade High  Trade Low  Trade Close  value  real
0   2014-01-14     7180.86     7258.14    7180.85      7196.04      1   731
1   2014-01-20     6982.47     7053.27    6969.82      7037.80     -1   727
2   2014-02-02     7415.51     7455.85    7415.51      7436.22      1   718
3   2014-02-05     7289.34     7343.53    7285.33      7343.53     -1   715
4   2014-03-02     8148.20     8182.59    8075.59      8075.59      1   698
5   2014-03-04     7857.69     7934.84    7845.97      7933.73     -1   696
6   2014-03-23     8481.80     8533.97    8450.99      8450.99      1   683
7   2014-04-07     7522.31     7530.23    7387.51      7530.11     -1   672
8   2014-04-23     8375.76     8375.85    8264.94      8294.88      1   662
9   2014-04-29     8159.97     8171.14    8134.33      8150.09     -1   659
10  2014-05-07     8371.60     8398.94    8333.10      8333.10      1   654
11  2014-05-12     8226.59     8245.64    8213.49      8243.78     -1   651
12  2014-05-26     8764.61     8822.87    8736.28      8736.28      1   641
13  2014-06-01     8093.73     8094.87    7723.29      7894.73     -1   638
14  2014-06-12     8733.43     8799.73    8733.43      8746.27      1   630
15  2014-06-25     8163.62     8163.62    8035.31      8081.75     -1   621
16  2014-07-09     8435.45     8542.18    8435.45      8495.41      1   612
17  2014-07-14     8399.46     8508.98    8399.46      8508.98     -1   609
18  2014-07-22     8469.75     8567.02    8469.75      8563.06     -1   603
19  2014-08-24     9372.79     9509.87    9372.79      9495.30      1   584
20  2014-08-28     9376.61     9435.05    9336.52      9435.05     -1   580
21  2014-09-08     9729.02     9748.78    9701.08      9703.46      1   573
22  2014-09-15     9427.09     9446.22    9382.82      9446.22     -1   568
23  2014-09-21     9749.38     9818.98    9718.25      9718.57      1   564
24  2014-09-28     9693.07     9693.07    9591.76      9603.09     -1   559
25  2014-09-30     9796.35     9831.18    9793.48      9811.40      1   557
26  2014-10-20     8522.79     8535.14    8470.44      8534.89     -1   546
27  2014-11-06     9507.14     9581.39    9420.74      9420.75      1   533
28  2014-11-18     9122.30     9195.23    9121.94      9177.81     -1   525
29  2014-11-25     9157.00     9157.00    9051.75      9112.69     -1   520
..         ...         ...         ...        ...          ...    ...   ...
85  2016-04-20     7859.90     7918.88    7799.86      7799.86      1   173
86  2016-05-04     7529.38     7529.38    7429.64      7442.44     -1   166
87  2016-05-10     7646.02     7684.92    7620.98      7621.91      1   162
88  2016-05-16     7370.12     7422.88    7326.95      7409.27     -1   158
89  2016-05-18     7593.48     7670.21    7593.48      7637.04      1   156
90  2016-05-23     7494.76     7494.76    7414.29      7417.08     -1   153
91  2016-05-26     7543.77     7555.17    7518.10      7531.15      1   150
92  2016-05-31     7452.88     7498.20    7450.02      7483.65     -1   147
93  2016-06-08     7717.35     7815.89    7717.35      7780.13      1   141
94  2016-06-26     6962.26     6962.26    6831.59      6851.61     -1   129
95  2016-07-11     7580.48     7645.95    7506.18      7506.18      1   122
96  2016-07-19     7627.63     7627.63    7578.30      7596.96      1   116
97  2016-07-21     7498.29     7498.29    7432.64      7436.87     -1   114
98  2016-08-16     8452.79     8481.13    8386.73      8387.49      1    96
99  2016-08-30     8032.43     8081.53    8028.06      8080.81     -1    86
100 2016-09-05     8243.74     8314.58    8243.74      8270.76      1    82
101 2016-09-29     7909.24     7922.51    7872.66      7881.11     -1    67
102 2016-10-12     8237.89     8277.83    8182.28      8185.95     -1    60
103 2016-10-16     8504.30     8613.44    8432.41      8432.41      1    58
104 2016-10-19     8211.90     8227.91    8134.43      8160.40     -1    55
105 2016-10-25     8227.61     8265.55    8220.90      8261.14     -1    51
106 2016-11-13    10940.70    11029.55   10915.26     10916.97      1    38
107 2016-11-15    10679.31    10698.03   10624.98     10640.53     -1    36
108 2016-11-22    11607.04    11687.99   11519.79     11519.80      1    31
109 2016-11-29    11255.58    11256.70   11103.06     11159.32     -1    26
110 2016-12-04    11552.80    11640.99   11539.45     11631.41      1    23
111 2016-12-12    11304.75    11448.59   11210.80     11444.06     -1    18
112 2016-12-13    11450.05    11529.05   11385.10     11385.10      1    17
113 2016-12-22    12405.66    12534.00   12405.66     12420.30      1    10
114 2016-12-27    12186.25    12229.87   12181.98     12181.98     -1     7

[115 rows x 7 columns]
{'banking':      Timestamp    Trade Open    Trade High     Trade Low   Trade Close
0   2014-01-02   6776.923668   6882.100183   6759.936258   6811.300000
1   2014-01-05   6827.042975   6930.887062   6807.622890   6879.492198
2   2014-01-06   6908.559166   6955.441180   6811.005686   6857.612743
3   2014-01-08   6887.985357   6934.232547   6827.247914   6889.201912
4   2014-01-09   6919.031722   6959.566443   6867.422868   6909.203115
5   2014-01-12   6928.124834   7093.641042   6892.277543   7009.295701
6   2014-01-14   6988.425693   7150.142445   6951.810472   7059.813749
7   2014-01-15   7058.762340   7109.734010   6948.757595   7041.801517
8   2014-01-16   7033.489648   7044.552538   6927.653030   6969.549709
9   2014-01-19   6949.971121   6962.716106   6789.762991   6850.419678
10  2014-01-20   6829.597415   6908.521678   6757.398841   6851.102198
11  2014-01-21   6847.830465   6949.930993   6805.256805   6890.532045
12  2014-01-22   6912.821894   7036.418188   6865.339875   6951.983098
13  2014-01-23   6960.745629   7011.777272   6889.848655   6944.192327
14  2014-01-26   6727.557552   7050.573814   6663.784385   6936.852116
15  2014-01-27   6956.960532   7000.399748   6912.645216   6960.116628
16  2014-01-28   6978.715519   7076.859519   6943.068594   7019.021148
17  2014-01-29   7026.029965   7066.478983   6956.357588   7018.168841
18  2014-01-30   7041.261600   7095.051391   6986.806177   7036.753604
19  2014-02-02   7052.872113   7092.703808   6994.290895   7035.108895
20  2014-02-03   7004.928491   7049.349406   6936.495459   6995.409189
21  2014-02-04   6972.162230   6978.824723   6843.788946   6892.055212
22  2014-02-05   6873.797560   6986.334679   6861.220510   6922.369208
23  2014-02-06   6974.818703   7131.799722   6929.335001   7038.655014
24  2014-02-09   7100.164006   7133.317791   7008.210542   7047.194560
25  2014-02-10   7040.460541   7119.362675   6989.974489   7063.577791
26  2014-02-11   7060.320782   7125.695609   7009.315252   7073.228605
27  2014-02-12   7436.380499   7507.082885   7091.944762   7166.213212
28  2014-02-13   7252.480375   7329.714200   7147.499123   7256.514676
29  2014-02-16   7333.794125   7377.763819   7206.082491   7275.474345
..         ...           ...           ...           ...           ...
708 2016-11-24  14048.879219  14086.164188  13652.470965  13784.393805
709 2016-11-27  13665.184195  13887.167378  13464.171086  13584.414994
710 2016-11-28  13654.522954  13896.905790  13530.599270  13741.039909
711 2016-11-29  13610.042914  13745.771185  13433.677004  13606.878698
712 2016-11-30  13723.402314  14088.655485  13686.698524  13978.489917
713 2016-12-01  14060.604445  14296.580682  13949.558229  14117.061384
714 2016-12-04  14167.275287  14296.626126  13985.869394  14194.394781
715 2016-12-05  14221.467184  14273.442241  13750.237160  14030.539274
716 2016-12-06  14001.301849  14279.160585  13870.024346  14183.128326
717 2016-12-07  14168.509301  14182.201308  13812.167073  13965.552594
718 2016-12-08  13856.116761  14018.288149  13811.090674  13888.366266
719 2016-12-12  13838.430478  14043.927277  13641.944658  13912.551000
720 2016-12-13  13900.755861  14044.519732  13712.557425  13870.670199
721 2016-12-14  13867.173122  14016.709879  13754.730934  13883.054795
722 2016-12-15  13851.092611  13993.721600  13647.807253  13807.038817
723 2016-12-18  13811.024037  13917.610777  13731.232553  13783.480888
724 2016-12-19  13772.603490  14307.428806  13733.923953  14076.584152
725 2016-12-20  14214.409727  14528.862736  14088.832014  14386.850168
726 2016-12-21  14428.650325  14677.084430  14253.613642  14514.525954
727 2016-12-22  14602.160818  14664.326265  14362.370073  14491.223037
728 2016-12-25  14458.961217  14534.049296  14266.357720  14377.306184
729 2016-12-26  14361.152346  14497.925498  14228.599757  14317.983653
730 2016-12-27  14323.862870  14463.354453  14255.050411  14355.174100
731 2016-12-28  14382.004287  14729.650384  14343.805791  14587.380871
732 2016-12-29  14709.447663  15092.457610  14548.447147  14920.512726
733 2017-01-02  14950.590303  15044.503320  14594.898677  14845.019058
734 2017-01-03  14882.744139  15051.743664  14698.596040  14974.249671
735 2017-01-04  14947.065608  15227.942383  14878.419372  15063.901999
736 2017-01-05  14988.639614  15230.644376  14900.396857  15107.068650
737 2017-01-08  15179.538902  15393.070744  15035.850244  15182.952854

[738 rows x 5 columns], 'pet-Chemicals':      Timestamp   Trade Open   Trade High    Trade Low  Trade Close
0   2014-01-02  7732.730202  7810.061834  7425.166477  6811.300000
1   2014-01-05  7755.838387  7837.475969  7452.706459  6814.742636
2   2014-01-06  7745.888299  7814.377347  7427.960583  6784.102258
3   2014-01-08  7735.391214  7834.448975  7430.582474  6792.476248
4   2014-01-09  7808.407182  7879.328651  7472.139273  6869.550929
5   2014-01-12  7796.847713  7888.465073  7468.485131  6860.893192
6   2014-01-14  7815.794319  7898.708631  7481.824642  6893.909554
7   2014-01-15  7814.240055  7897.574072  7477.482074  6891.437702
8   2014-01-16  7846.087359  7933.646894  7516.750296  6928.223996
9   2014-01-19  7790.178301  7842.817603  7418.069586  6802.997730
10  2014-01-20  7743.428423  7799.375204  7434.846973  6802.825525
11  2014-01-21  7787.772036  7870.968308  7486.379186  6864.797273
12  2014-01-22  7561.583957  7899.021933  7262.733412  6888.893781
13  2014-01-23  7833.026869  7933.073610  7516.719927  6921.790309
14  2014-01-26  7755.085748  7888.908578  7411.599760  6906.365453
15  2014-01-27  7826.716725  7898.659540  7525.415918  6922.094628
16  2014-01-28  7883.315851  7953.313334  7542.827717  6932.129669
17  2014-01-29  7870.167831  7955.744970  7559.115086  6946.069846
18  2014-01-30  7821.890220  7967.487511  7515.756465  6923.202133
19  2014-02-02  7861.659313  7961.733950  7489.499685  6943.299939
20  2014-02-03  7856.091450  7965.731193  7555.823162  6953.817874
21  2014-02-04  7855.366656  7944.215458  7524.761799  6944.516034
22  2014-02-05  7820.069762  7965.622936  7521.077064  6949.372597
23  2014-02-06  7942.211464  8027.430803  7614.389422  6992.726139
24  2014-02-09  7876.689351  8036.737526  7569.196405  7009.410545
25  2014-02-10  7923.281975  8057.404576  7603.193861  7033.295142
26  2014-02-11  7903.131438  8040.103535  7600.829881  7024.371147
27  2014-02-12  7872.748125  8018.543948  7570.334205  6978.175766
28  2014-02-13  7920.732627  8120.036509  7594.598750  7071.116106
29  2014-02-16  7994.631908  8071.724267  7650.428677  7057.449574
..         ...          ...          ...          ...          ...
708 2016-11-24  5366.040375  5491.620418  5222.019736  5387.840986
709 2016-11-27  5295.122191  5455.260765  5250.894759  5359.991550
710 2016-11-28  5419.547163  5462.358711  5234.848995  5344.607812
711 2016-11-29  5310.195159  5445.042877  5212.306723  5312.611524
712 2016-11-30  5392.085202  5472.603805  5312.189820  5399.395940
713 2016-12-01  5430.630112  5611.424043  5390.781814  5474.547180
714 2016-12-04  5429.512029  5573.027236  5376.924326  5498.017511
715 2016-12-05  5533.990233  5574.121574  5387.413706  5451.017707
716 2016-12-06  5427.786502  5483.368232  5356.002025  5426.365710
717 2016-12-07  5419.986308  5451.869609  5274.327949  5372.612402
718 2016-12-08  5358.125932  5508.557540  5271.602322  5440.342416
719 2016-12-12  5368.975928  5527.405306  5345.446891  5454.740471
720 2016-12-13  5485.753881  5516.083946  5385.676548  5461.342865
721 2016-12-14  5457.759874  5491.497602  5323.555554  5391.720841
722 2016-12-15  5416.189653  5467.898110  5365.533664  5415.129193
723 2016-12-18  5513.332361  5766.555828  5487.400588  5610.847840
724 2016-12-19  5562.221375  5705.654483  5553.003435  5651.985117
725 2016-12-20  5636.551025  5788.423019  5451.181897  5546.309391
726 2016-12-21  5498.411394  5541.041224  5398.930269  5453.455239
727 2016-12-22  5425.932925  5530.507841  5318.821225  5472.590884
728 2016-12-25  5371.344767  5476.513687  5339.404188  5398.419722
729 2016-12-26  5463.217398  5500.692129  5358.659616  5443.635621
730 2016-12-27  5393.581510  5568.548596  5348.529272  5445.477686
731 2016-12-28  5441.211230  5455.962847  5357.576711  5404.472859
732 2016-12-29  5355.971186  5406.041034  5230.506620  5298.987957
733 2017-01-02  5247.108629  5442.263127  5217.110909  5310.540272
734 2017-01-03  5286.210552  5338.116849  5225.338130  5289.503165
735 2017-01-04  5244.765777  5306.167934  5222.388003  5261.249997
736 2017-01-05  5254.740777  5338.098690  5164.809302  5240.987409
737 2017-01-08  5322.095919  5345.761138  5157.519532  5200.965899

[738 rows x 5 columns]}
This is the format of your plot grid:
[ (1,1) x1,y1 ]
[ (2,1) x1,y2 ]
[ (3,1) x1,y3 ]

1
1/9/2017
banking
     Timestamp    Trade Open    Trade High     Trade Low   Trade Close stocks
0   2017-01-08  13661.526731  13873.295703  13521.789956  13663.269777   COMI
1   2017-01-05  13521.425481  13718.223094  13414.967254  13603.909009   ADIB
2   2017-01-04  13472.230417  13748.339854  13399.281324  13590.672765   SAUD
3   2017-01-03  13428.329452  13598.672934  13251.597453  13521.965509   FAIT
4   2017-01-02  13477.954955  13591.555949  13152.501177  13412.773945   CANA
5   2016-12-29  13213.001988  13595.999106  13062.267412  13417.486369   EXPA
6   2016-12-28  12941.118996  13242.305493  12894.957779  13111.339989   CIEB
7   2016-12-27  12861.966842  13004.011479  12796.134735  12898.939259   QNBA
8   2016-12-26  12857.869320  12985.839666  12737.918476  12830.387703   EGBE
9   2016-12-25  12928.594355  13008.969866  12741.328695  12861.047466   HDBK
10  2016-12-22  13057.808879  13129.491969  12840.588616  12960.337136    NaN
11  2016-12-21  12954.883358  13155.351536  12747.500516  12993.762466    NaN
12  2016-12-20  12767.488764  13024.013614  12617.815390  12898.314932    NaN
13  2016-12-19  12412.687842  12864.809762  12381.975019  12656.053806    NaN
14  2016-12-18  12457.695136  12572.753047  12383.353591  12438.226569    NaN
15  2016-12-15  12494.810370  12640.761603  12312.360284  12469.199736    NaN
16  2016-12-14  12515.606920  12654.537874  12396.468343  12519.547244    NaN
17  2016-12-13  12504.049755  12666.683168  12356.423898  12519.418317    NaN
18  2016-12-12  12443.793904  12604.989737  12251.519288  12495.598335    NaN
19  2016-12-08  12447.758531  12600.762293  12404.793313  12481.414452    NaN
20  2016-12-07  12724.922731  12741.677299  12404.444204  12538.278423    NaN
21  2016-12-06  12610.341851  12837.264168  12453.568351  12738.096984    NaN
22  2016-12-05  12779.971252  12845.655089  12363.432770  12628.509702    NaN
23  2016-12-04  12730.996855  12844.339991  12543.330028  12742.171198    NaN
24  2016-12-01  12593.792579  12829.974609  12502.314634  12661.419307    NaN
25  2016-11-30  12336.875977  12635.847347  12291.974313  12531.802609    NaN
26  2016-11-29  12211.070188  12368.830011  12074.996536  12252.553697    NaN
27  2016-11-28  12282.127954  12496.527117  12145.506355  12351.350953    NaN
28  2016-11-27  12258.088803  12487.315011  12087.539035  12211.157960    NaN
29  2016-11-24  12618.177373  12663.844689  12262.490307  12394.048893    NaN
..         ...           ...           ...           ...           ...    ...
708 2014-02-16   7347.781884   7396.082089   7212.498930   7286.224622    NaN
709 2014-02-13   7259.965488   7346.431484   7154.470244   7269.636389    NaN
710 2014-02-12   7388.573818   7474.556173   7112.188349   7186.548669    NaN
711 2014-02-11   7082.181816   7152.227784   7027.540121   7095.888699    NaN
712 2014-02-10   7081.192524   7147.181769   7019.796763   7087.574485    NaN
713 2014-02-09   7155.552173   7189.581578   7046.263418   7091.948943    NaN
714 2014-02-06   6992.307312   7176.450432   6950.397208   7078.557208    NaN
715 2014-02-05   6886.901548   6994.171749   6871.353076   6928.340024    NaN
716 2014-02-04   6972.463985   6977.445875   6854.353534   6900.455449    NaN
717 2014-02-03   7005.129406   7044.242677   6938.381701   6990.284713    NaN
718 2014-02-02   7050.317641   7097.370542   6993.141854   7036.617748    NaN
719 2014-01-30   7041.876424   7098.622326   6985.243949   7037.694110    NaN
720 2014-01-29   7034.026833   7066.358669   6953.873886   7017.844234    NaN
721 2014-01-28   6996.676392   7084.726365   6953.758249   7026.998813    NaN
722 2014-01-27   6972.126714   7021.034214   6929.407654   6977.378375    NaN
723 2014-01-26   6786.997982   7078.502260   6707.962891   6955.287915    NaN
724 2014-01-23   6973.518118   7034.972111   6906.509121   6964.677522    NaN
725 2014-01-22   6929.582429   7044.042874   6872.491721   6959.091000    NaN
726 2014-01-21   6863.565609   6973.269962   6824.018959   6913.467031    NaN
727 2014-01-20   6833.444191   6915.288051   6761.266148   6858.384899    NaN
728 2014-01-19   6953.823184   6969.630874   6794.579755   6859.661329    NaN
729 2014-01-16   7044.508326   7058.147379   6944.411149   6985.841443    NaN
730 2014-01-15   7075.090077   7130.338320   6961.243243   7056.728070    NaN
731 2014-01-14   7020.284674   7164.361666   6976.280811   7071.098808    NaN
732 2014-01-12   6932.478192   7105.334042   6894.212023   7013.424129    NaN
733 2014-01-09   6926.209582   6962.693849   6867.774264   6909.750553    NaN
734 2014-01-08   6892.648251   6949.745511   6840.724179   6907.030368    NaN
735 2014-01-06   6907.427921   6960.857520   6819.301540   6869.373788    NaN
736 2014-01-05   6830.587652   6927.038543   6812.250014   6877.510393    NaN
737 2014-01-02   6771.773689   6886.743403   6754.554865   6811.300000    NaN

[738 rows x 6 columns]
RealEstate
     Timestamp    Trade Open    Trade High     Trade Low   Trade Close stocks
0   2017-01-08  12348.084098  12463.567464  11965.956730  12211.291316   TMGH
1   2017-01-05  12079.281299  12427.707749  11976.743172  12195.377730   HELI
2   2017-01-04  11835.366349  12177.151494  11718.313110  11981.331469   MUHD
3   2017-01-03  11604.787800  11875.879325  11445.188358  11683.380643   PNDC
4   2017-01-02  11694.506573  11821.791137  11380.601121  11593.441776   OCDI
5   2016-12-29  11822.465550  11928.772322  11480.051604  11669.507938   UEGC
6   2016-12-28  11793.190783  11992.384463  11668.354645  11814.396639   UNIT
7   2016-12-27  11798.792771  11948.027986  11571.010007  11751.087627   ELSH
8   2016-12-26  11795.419115  11953.087509  11606.451980  11753.299907   ELKA
9   2016-12-25  11900.677218  12038.073812  11658.314170  11847.534358   EMFD
10  2016-12-22  12158.104861  12315.484797  11722.637081  12050.389296   PORT
11  2016-12-21  11925.723803  12261.959169  11832.965119  12052.833893   AMER
12  2016-12-20  11994.990674  12195.577517  11701.322444  11929.869577   EGTS
13  2016-12-19  11385.741540  12023.132454  11229.257065  11663.966761   RTVC
14  2016-12-18  11431.623327  11551.464804  11211.742226  11356.757135   GGCC
15  2016-12-15  11233.645971  11462.874438  11082.225274  11274.810513    NaN
16  2016-12-14  11474.910069  11600.119834  11029.249442  11284.391025    NaN
17  2016-12-13  11739.206026  11874.658388  11309.742655  11552.189816    NaN
18  2016-12-12  11450.046782  11933.193033  11349.834596  11702.567377    NaN
19  2016-12-08  11053.581642  11625.966729  10899.523049  11251.888164    NaN
20  2016-12-07  11310.352239  11521.494167  10828.159691  11153.409483    NaN
21  2016-12-06  10996.004996  11369.210644  10905.689103  11114.447999    NaN
22  2016-12-05  11134.190322  11329.050245  10798.720246  11016.817349    NaN
23  2016-12-04  11287.572389  11389.850770  11031.412326  11180.755787    NaN
24  2016-12-01  11325.552115  11481.887735  10991.120825  11249.195884    NaN
25  2016-11-30  11246.173803  11520.086993  11043.990087  11271.088252    NaN
26  2016-11-29  10980.675471  11265.048365  10771.656056  11045.005912    NaN
27  2016-11-28  10891.687002  11265.175651  10761.348044  11029.744562    NaN
28  2016-11-27  10985.493171  11117.046831  10705.098069  10905.080493    NaN
29  2016-11-24  11487.652854  11735.920467  10733.215131  11165.312937    NaN
..         ...           ...           ...           ...           ...    ...
708 2014-02-16   8026.106016   8086.906281   7816.772629   7423.740404    NaN
709 2014-02-13   7965.243811   8097.778796   7815.183012   7459.749895    NaN
710 2014-02-12   7961.040558   8096.780059   7823.781406   7435.771109    NaN
711 2014-02-11   7843.264733   7999.004383   7733.545022   7366.646997    NaN
712 2014-02-10   7949.553970   8027.649751   7773.979710   7383.235633    NaN
713 2014-02-09   7886.537355   8072.793597   7770.217078   7420.359817    NaN
714 2014-02-06   7857.474706   7941.116629   7654.308985   7293.629375    NaN
715 2014-02-05   7650.643876   7856.239891   7502.734452   7202.998551    NaN
716 2014-02-04   7706.127846   7763.471500   7486.717552   7088.164495    NaN
717 2014-02-03   7759.914534   7861.669096   7578.302813   7194.234965    NaN
718 2014-02-02   7741.719736   7915.251940   7580.637026   7259.603506    NaN
719 2014-01-30   7564.514533   7789.200168   7440.750545   7122.168824    NaN
720 2014-01-29   7617.150361   7702.877004   7376.512038   7028.236200    NaN
721 2014-01-28   7550.896184   7713.025522   7425.796838   7032.235302    NaN
722 2014-01-27   7437.975613   7630.151980   7320.608693   6951.661901    NaN
723 2014-01-26   7464.671829   7556.468806   7274.448993   6894.852691    NaN
724 2014-01-23   7456.525086   7559.638057   7309.329057   6927.928338    NaN
725 2014-01-22   7414.416556   7511.235831   7272.060776   6867.152184    NaN
726 2014-01-21   7387.321647   7478.336697   7251.635314   6835.996363    NaN
727 2014-01-20   7354.139647   7463.537891   7213.063441   6821.540217    NaN
728 2014-01-19   7548.348986   7564.653065   7205.834157   6820.824407    NaN
729 2014-01-16   7593.481066   7651.887789   7386.833665   6990.019747    NaN
730 2014-01-15   7662.371520   7739.795525   7461.241814   7089.153554    NaN
731 2014-01-14   7632.726883   7828.206267   7496.366876   7159.299763    NaN
732 2014-01-12   7494.073814   7694.737894   7317.461211   7028.088778    NaN
733 2014-01-09   7461.691783   7571.587994   7325.533231   6926.185436    NaN
734 2014-01-08   7353.212836   7521.262232   7243.336874   6857.712298    NaN
735 2014-01-06   7399.270031   7474.249851   7213.431796   6811.647168    NaN
736 2014-01-05   7408.607359   7515.254569   7243.154957   6851.221384    NaN
737 2014-01-02   7372.049423   7448.598013   7232.966867   6811.300000    NaN

[738 rows x 6 columns]
pet-Chemicals
     Timestamp   Trade Open   Trade High    Trade Low  Trade Close stocks
0   2017-01-08  5484.911596  5510.550132  5307.411434  5354.156230   SKPC
1   2017-01-05  5416.913191  5509.795501  5314.034021  5398.747095   AMOC
2   2017-01-04  5408.684142  5474.206681  5383.588040  5425.527820   EFIC
3   2017-01-03  5452.383097  5505.052212  5387.951917  5453.984533   EGCH
4   2017-01-02  5409.709599  5621.415337  5379.232990  5475.584878   ABUK
5   2016-12-29  5520.421669  5571.517288  5378.926736  5453.076511   MFPC
6   2016-12-28  5612.071657  5627.365899  5526.220727  5573.982405   MINC
7   2016-12-27  5568.809227  5762.714578  5519.795336  5625.446071   EGAS
8   2016-12-26  5636.450597  5677.522063  5529.697997  5615.878709   ASCM
9   2016-12-25  5552.107450  5666.471233  5518.319797  5581.882980    NaN
10  2016-12-22  5601.188634  5718.618093  5485.664945  5655.752014    NaN
11  2016-12-21  5679.415495  5722.943088  5567.265837  5626.601890    NaN
12  2016-12-20  5829.240082  5984.944699  5619.331745  5721.078191    NaN
13  2016-12-19  5743.272857  5895.354849  5732.989546  5840.589735    NaN
14  2016-12-18  5682.354315  5946.361272  5655.042690  5782.485662    NaN
15  2016-12-15  5594.272253  5648.168769  5540.189494  5592.405185    NaN
16  2016-12-14  5640.078853  5672.825817  5497.323290  5569.366636    NaN
17  2016-12-13  5661.606532  5692.720278  5561.157616  5636.419201    NaN
18  2016-12-12  5551.627293  5713.347435  5527.668803  5635.888653    NaN
19  2016-12-08  5526.258184  5687.016303  5441.534888  5616.833425    NaN
20  2016-12-07  5595.669969  5631.484649  5438.720335  5545.844674    NaN
21  2016-12-06  5611.212309  5671.611722  5533.985102  5611.095874    NaN
22  2016-12-05  5725.874913  5767.484246  5565.393845  5632.967702    NaN
23  2016-12-04  5609.963309  5769.684916  5556.609433  5688.301098    NaN
24  2016-12-01  5618.553800  5802.765402  5576.174569  5661.125471    NaN
25  2016-11-30  5567.480378  5646.495746  5476.689288  5570.143246    NaN
26  2016-11-29  5458.186140  5603.673420  5350.425985  5461.786815    NaN
27  2016-11-28  5577.731387  5621.906434  5376.806988  5494.371377    NaN
28  2016-11-27  5422.881611  5604.341464  5377.313069  5499.166218    NaN
29  2016-11-24  5488.917836  5634.451125  5345.539998  5529.256192    NaN
..         ...          ...          ...          ...          ...    ...
708 2014-02-16  8128.518454  8215.779955  7747.800284  7075.531351    NaN
709 2014-02-13  8062.833072  8257.641559  7695.251724  7085.733042    NaN
710 2014-02-12  8022.365571  8171.748408  7681.500648  7007.818650    NaN
711 2014-02-11  8030.722824  8169.424900  7691.146254  7030.368054    NaN
712 2014-02-10  8056.727501  8192.349767  7696.875604  7043.317768    NaN
713 2014-02-09  8001.611058  8166.824131  7655.723781  7013.779983    NaN
714 2014-02-06  8062.194141  8151.325003  7694.230267  6993.757901    NaN
715 2014-02-05  7931.470213  8084.161857  7594.944138  6942.754500    NaN
716 2014-02-04  7963.781089  8055.129944  7591.232075  6931.701903    NaN
717 2014-02-03  7966.259589  8081.362639  7628.962980  6943.862386    NaN
718 2014-02-02  7981.699512  8083.300416  7573.185034  6939.293837    NaN
719 2014-01-30  7944.201608  8092.527810  7600.122233  6927.632490    NaN
720 2014-01-29  7979.809522  8076.266462  7630.814193  6941.078215    NaN
721 2014-01-28  7996.723780  8074.740346  7620.545990  6932.039774    NaN
722 2014-01-27  7931.740794  8010.839646  7593.622873  6914.450937    NaN
723 2014-01-26  7866.881530  7998.613654  7487.535687  6896.622359    NaN
724 2014-01-23  7944.877151  8051.915674  7589.142614  6915.286503    NaN
725 2014-01-22  7699.439467  8020.451063  7363.505622  6886.068452    NaN
726 2014-01-21  7894.000744  7982.346295  7555.828188  6854.151195    NaN
727 2014-01-20  7862.496769  7925.272182  7516.748295  6806.425518    NaN
728 2014-01-19  7916.336772  7975.064932  7499.433608  6807.984871    NaN
729 2014-01-16  7975.357687  8065.952928  7609.096244  6937.198002    NaN
730 2014-01-15  7942.206897  8031.456351  7566.490722  6900.497398    NaN
731 2014-01-14  7947.013975  8035.595880  7574.379148  6906.195280    NaN
732 2014-01-12  7929.710541  8027.928223  7560.692739  6877.155827    NaN
733 2014-01-09  7943.528763  8021.648296  7565.054818  6886.309603    NaN
734 2014-01-08  7859.886832  7966.782720  7518.968015  6800.103123    NaN
735 2014-01-06  7868.186433  7945.751928  7512.637265  6788.319170    NaN
736 2014-01-05  7875.238902  7966.561553  7534.890377  6816.608737    NaN
737 2014-01-02  7847.761973  7933.343749  7501.621997  6811.300000    NaN

[738 rows x 6 columns]
telecom
     Timestamp   Trade Open   Trade High    Trade Low  Trade Close stocks
0   2017-01-08  7304.653699  7612.021126  7227.143653  7451.655512   RAYA
1   2017-01-05  7106.869443  7363.454424  7032.032156  7232.489173   OTMT
2   2017-01-04  7053.414238  7224.470893  6938.485548  7104.196682   ETEL
3   2017-01-03  6697.937128  6999.959034  6657.845725  6890.375864   GTHE
4   2017-01-02  6647.154684  6818.211338  6561.626356  6703.282648    NaN
5   2016-12-29  6815.538578  6860.975502  6574.990158  6711.300929    NaN
6   2016-12-28  6780.792695  6868.993783  6665.864005  6772.774414    NaN
7   2016-12-27  6788.810976  6930.467268  6660.518485  6810.193058    NaN
8   2016-12-26  6796.829256  6885.030344  6684.573327  6778.119935    NaN
9   2016-12-25  7013.322835  7098.851162  6676.555046  6871.666543    NaN
10  2016-12-22  7253.871255  7382.163746  6930.467268  7138.942565    NaN
11  2016-12-21  7157.651887  7400.873068  7077.469080  7248.525735    NaN
12  2016-12-20  7136.269805  7406.218588  6895.721385  7144.288086    NaN
13  2016-12-19  6377.205901  6930.467268  6334.441737  6671.209526    NaN
14  2016-12-18  6347.805538  6494.807351  6299.695854  6390.569702    NaN
15  2016-12-15  6246.240650  6355.823819  6160.712322  6243.567889    NaN
16  2016-12-14  6155.366802  6272.968252  6099.238837  6187.439925    NaN
17  2016-12-13  6238.222369  6366.514860  6059.147434  6206.149246    NaN
18  2016-12-12  6045.783633  6315.732416  5997.673949  6184.767165    NaN
19  2016-12-08  5874.726978  6123.293679  5856.017657  5995.001188    NaN
20  2016-12-07  5944.218744  6075.183995  5743.761727  5872.054218    NaN
21  2016-12-06  5823.944534  5973.619107  5815.926253  5901.454580    NaN
22  2016-12-05  5989.655668  6037.765352  5797.216932  5901.454580    NaN
23  2016-12-04  6019.056030  6131.311960  5928.182183  6013.710510    NaN
24  2016-12-01  5917.491142  6088.547796  5845.326616  5997.673949    NaN
25  2016-11-30  5869.381458  6011.037750  5765.143809  5890.763540    NaN
26  2016-11-29  5789.198651  5847.999376  5658.233400  5749.107248    NaN
27  2016-11-28  5695.652043  5914.818382  5676.942721  5797.216932    NaN
28  2016-11-27  5762.471049  5829.290054  5572.705073  5668.924441    NaN
29  2016-11-24  5949.564265  6029.747071  5733.070686  5853.344896    NaN
..         ...          ...          ...          ...          ...    ...
708 2014-02-16  7509.934325  7524.885891  7348.841269  7436.301218    NaN
709 2014-02-13  7397.109866  7519.619827  7322.272580  7440.098702    NaN
710 2014-02-12  7402.375930  7472.330737  7351.672942  7398.155133    NaN
711 2014-02-11  7271.728504  7437.082085  7228.421843  7363.991476    NaN
712 2014-02-10  7326.652289  7365.116200  7180.894385  7261.540233    NaN
713 2014-02-09  7264.173265  7328.200326  7183.567145  7266.806297    NaN
714 2014-02-06  7230.591834  7355.047113  7178.261353  7277.616522    NaN
715 2014-02-05  7151.150165  7258.364703  7116.444011  7189.534619    NaN
716 2014-02-04  7292.065319  7316.120161  7108.928499  7162.886474    NaN
717 2014-02-03  7332.858133  7410.712036  7220.602203  7315.657120    NaN
718 2014-02-02  7402.614299  7410.632580  7213.166148  7311.899364    NaN
719 2014-01-30  7258.603072  7395.138516  7218.511669  7305.468848    NaN
720 2014-01-29  7229.441079  7365.857338  7159.446543  7258.100303    NaN
721 2014-01-28  7283.015468  7389.224466  7101.307500  7232.153567    NaN
722 2014-01-27  7050.525056  7178.777819  6982.197742  7096.001708    NaN
723 2014-01-26  6960.193706  7190.977168  6886.018102  7084.185944    NaN
724 2014-01-23  6952.532979  7162.701529  6878.277918  7047.428983    NaN
725 2014-01-22  6872.892670  7002.230428  6829.162695  6934.405883    NaN
726 2014-01-21  6887.381194  6939.169178  6793.371545  6866.541610    NaN
727 2014-01-20  6722.715327  6924.720381  6692.891652  6833.965718    NaN
728 2014-01-19  6853.098353  6975.502825  6693.434149  6820.019691    NaN
729 2014-01-16  7090.815100  7110.027191  6883.583711  6975.423369    NaN
730 2014-01-15  7017.261450  7122.769039  6862.320813  7008.038990    NaN
731 2014-01-14  6905.587746  7038.603804  6799.841789  6934.445611    NaN
732 2014-01-12  6815.798894  6905.045249  6765.056178  6837.723474    NaN
733 2014-01-09  6774.119726  6833.423220  6722.371471  6778.459707    NaN
734 2014-01-08  6829.281880  6892.223945  6651.834438  6746.929082    NaN
735 2014-01-06  6780.973555  6786.319075  6610.155269  6673.176791    NaN
736 2014-01-05  6846.508924  6875.366789  6703.040195  6777.215799    NaN
737 2014-01-02  6789.957646  6918.130953  6762.184777  6811.300000    NaN

[738 rows x 6 columns]
financialServices
     Timestamp    Trade Open    Trade High     Trade Low   Trade Close stocks
0   2017-01-08  12296.935706  12388.140600  11853.491221  12073.640965   HRHC
1   2017-01-05  11900.666166  12410.155574  11806.316276  12155.410870   PIOH
2   2017-01-04  11762.286327  12111.380921  11623.906488  11856.636218   BTFH
3   2017-01-03  11693.096408  11916.391148  11482.381653  11696.241404   PRMH
4   2017-01-02  11928.971134  12139.685889  11516.976612  11796.881287   NAHO
5   2016-12-29  11925.826137  12215.165801  11356.581799  11831.476247   AFDI
6   2016-12-28  11932.116130  12007.596042  11664.791441  11815.751265   ABRD
7   2016-12-27  11973.001082  12186.860834  11733.981360  11922.681141    NaN
8   2016-12-26  11837.766240  12130.250900  11680.516422  11916.391148    NaN
9   2016-12-25  12032.756013  12199.440819  11715.111382  11916.391148    NaN
10  2016-12-22  12384.995603  12576.840380  11781.156305  12221.455794    NaN
11  2016-12-21  11991.871060  12451.040527  11906.956159  12202.585815    NaN
12  2016-12-20  12070.495969  12337.820658  11721.401375  11982.436071    NaN
13  2016-12-19  11457.221682  12183.715837  11381.741770  11818.896261    NaN
14  2016-12-18  11633.341477  11787.446298  11381.741770  11605.036510    NaN
15  2016-12-15  11702.531397  11853.491221  11413.191733  11642.776466    NaN
16  2016-12-14  11755.996335  12158.555867  11454.076686  11765.431324    NaN
17  2016-12-13  11645.921463  11960.421097  11325.131835  11733.981360    NaN
18  2016-12-12  11428.916715  11812.606269  11016.922194  11457.221682    NaN
19  2016-12-08  11067.242135  11538.991587  10932.007292  11199.331982    NaN
20  2016-12-07  11853.491221  11988.726064  10865.962369  11337.711821    NaN
21  2016-12-06  12020.176027  12190.005830  11611.326503  11897.521170    NaN
22  2016-12-05  12498.215472  12649.175296  11862.926210  12190.005830    NaN
23  2016-12-04  12668.045274  12881.905026  12362.980629  12592.565362    NaN
24  2016-12-01  12252.905757  12844.165070  12212.020804  12545.390417    NaN
25  2016-11-30  12013.886035  12646.030300  11966.711090  12318.950680    NaN
26  2016-11-29  11743.416349  12101.945932  11504.396627  11818.896261    NaN
27  2016-11-28  11815.751265  12045.335998  11551.571572  11771.721316    NaN
28  2016-11-27  11796.881287  12208.875808  11620.761492  11872.361199    NaN
29  2016-11-24  12208.875808  12595.710358  11740.271353  12076.785962    NaN
..         ...           ...           ...           ...           ...    ...
708 2014-02-16   9300.717365   9776.739268   9196.704240   9534.262382    NaN
709 2014-02-13   9351.589939   9550.233984   9214.419728   9369.146468    NaN
710 2014-02-12   9301.801316   9550.422224   9174.213947   9379.485135    NaN
711 2014-02-11   8924.967376   9338.982164   8820.067099   9102.054246    NaN
712 2014-02-10   8848.706845   9194.656443   8560.295810   8878.746296    NaN
713 2014-02-09   8563.010301   8905.295118   8484.748281   8746.442314    NaN
714 2014-02-06   8447.083015   8610.748608   8334.238055   8462.116617    NaN
715 2014-02-05   8151.850493   8396.532985   8093.372494   8277.377857    NaN
716 2014-02-04   8187.759444   8260.384854   7964.989125   8057.880552    NaN
717 2014-02-03   8143.296188   8322.600644   8046.043227   8190.403516    NaN
718 2014-02-02   8330.142000   8456.936132   8075.295747   8265.245268    NaN
719 2014-01-30   8041.925261   8357.233966   7947.088146   8197.648474    NaN
720 2014-01-29   7852.635656   8105.390583   7768.212560   7968.032383    NaN
721 2014-01-28   7799.320584   8015.048608   7736.555143   7873.061556    NaN
722 2014-01-27   7705.360629   7857.221338   7542.103315   7721.389792    NaN
723 2014-01-26   7762.323199   7896.553634   7568.419339   7679.876564    NaN
724 2014-01-23   7679.695956   7880.104530   7527.987700   7707.338661    NaN
725 2014-01-22   7457.904325   7696.686198   7386.174223   7533.850321    NaN
726 2014-01-21   7421.202652   7578.045516   7277.147262   7430.326798    NaN
727 2014-01-20   7253.157165   7482.465931   7230.533827   7357.267184    NaN
728 2014-01-19   7510.327214   7610.083304   7193.755131   7342.216698    NaN
729 2014-01-16   7732.330417   7888.016195   7455.060154   7612.296291    NaN
730 2014-01-15   7741.082951   7926.629781   7546.775790   7740.622961    NaN
731 2014-01-14   7985.663546   8031.761647   7653.799581   7847.381123    NaN
732 2014-01-12   7897.691903   8083.429159   7644.156865   7928.190319    NaN
733 2014-01-09   7240.408499   7686.314053   7181.742234   7510.541212    NaN
734 2014-01-08   7010.043723   7228.137623   6968.452961   7138.198157    NaN
735 2014-01-06   6974.038618   7096.276493   6834.148591   6950.047201    NaN
736 2014-01-05   6825.366067   7026.474120   6814.568185   6945.125651    NaN
737 2014-01-02   6778.965267   6872.020091   6748.952289   6811.300000    NaN

[738 rows x 6 columns]
foods-Beverages
     Timestamp    Trade Open    Trade High     Trade Low   Trade Close stocks
0   2017-01-08  16064.870403  16299.814038  15808.350312  16105.625932   DOMT
1   2017-01-05  16141.586692  16268.648046  15942.603817  16105.625932   COSG
2   2017-01-04  16105.625932  16323.787879  15906.643057  16158.368380   NEDU
3   2017-01-03  16235.084669  16458.041384  15928.219513  16136.791924   EFID
4   2017-01-02  16235.084669  16525.168137  15856.297992  16177.547453   MPCO
5   2016-12-29  15971.372426  16477.220457  15801.158159  16043.293947   IFAP
6   2016-12-28  16103.228548  16290.224502  15796.363391  16048.088715   SUGR
7   2016-12-27  16110.420700  16448.451848  15832.324152  16167.957916   ISMA
8   2016-12-26  15851.503224  16364.543407  15611.764821  16062.473019   AJWA
9   2016-12-25  16201.521293  16398.106784  15635.738661  15961.782890   AIRA
10  2016-12-22  16244.674206  16359.748639  15861.092760  16060.075635   NCMD
11  2016-12-21  15997.743650  16251.866358  15837.118920  16038.499179   MILS
12  2016-12-20  15973.769810  16287.827118  15736.428791  15976.167194   CEFM
13  2016-12-19  15657.315117  16062.473019  15566.214524  15815.542464   UEFM
14  2016-12-18  15796.363391  16129.599772  15324.078737  15880.271833   AFME
15  2016-12-15  15793.966007  16076.857323  15515.869460  15822.734616   SCFM
16  2016-12-14  15851.503224  16060.075635  15475.113931  15690.878494   WCDF
17  2016-12-13  16357.351255  16522.770753  15503.882539  15976.167194   EDFM
18  2016-12-12  15911.437825  16484.412609  15863.490144  16139.189308   UFMC
19  2016-12-08  16026.512259  16304.608806  15877.874449  16079.254707    NaN
20  2016-12-07  16690.587636  16798.469917  15758.005247  16213.508213    NaN
21  2016-12-06  16057.678251  16683.395483  15837.118920  16395.709400    NaN
22  2016-12-05  16175.150069  16551.539362  15956.988122  16175.150069    NaN
23  2016-12-04  16551.539362  17292.331028  16318.993111  16630.653035    NaN
24  2016-12-01  15889.861369  16462.836152  15705.262798  16122.407620    NaN
25  2016-11-30  15832.324152  16016.922722  15621.354357  15822.734616    NaN
26  2016-11-29  15664.507270  15964.180274  15379.218570  15669.302038    NaN
27  2016-11-28  15666.904654  15856.297992  15300.104897  15630.943893    NaN
28  2016-11-27  15856.297992  15904.245673  15201.812151  15539.843300    NaN
29  2016-11-24  16045.691331  16218.302981  15412.781946  15774.786935    NaN
..         ...           ...           ...           ...           ...    ...
708 2014-02-16  13995.767393  14619.250125  13247.400222   8876.534160    NaN
709 2014-02-13  13999.888828  14565.671460  13245.751648   8822.955495    NaN
710 2014-02-12  13914.552280  14147.557361  13608.360457   8965.155927    NaN
711 2014-02-11  13188.736809  13810.866912  12923.973845   8327.370332    NaN
712 2014-02-10  12658.392560  13460.854808  12290.391129   8066.508338    NaN
713 2014-02-09  12410.858185  13035.838537  12206.105300   7712.142401    NaN
714 2014-02-06  12046.159867  12698.776666  11755.397102   7426.249881    NaN
715 2014-02-05  11937.453298  12333.851916  11690.667733   7041.919626    NaN
716 2014-02-04  11935.339930  12311.079750  11630.872158   6989.850510    NaN
717 2014-02-03  11802.885953  12254.273448  11570.333737   6918.363959    NaN
718 2014-02-02  11899.536089  12158.384052  11583.522332   6911.026817    NaN
719 2014-01-30  12109.751109  12318.027575  11637.762400   6964.065211    NaN
720 2014-01-29  12149.455918  12434.901538  11785.947345   7127.685180    NaN
721 2014-01-28  12171.572646  12675.563565  11828.804313   7276.636829    NaN
722 2014-01-27  11874.714102  12435.505358  11608.604475   7155.786421    NaN
723 2014-01-26  11736.194171  12103.150847  11514.282210   6847.852651    NaN
724 2014-01-23  11736.565593  12147.946369  11515.779830   6846.877408    NaN
725 2014-01-22  12104.491547  12297.106557  11510.834107   6887.180072    NaN
726 2014-01-21  12026.271674  12405.813125  11711.761501   7072.376498    NaN
727 2014-01-20  11565.080140  12216.419787  11289.299534   6892.874605    NaN
728 2014-01-19  11574.971586  11826.696909  11294.314769   6584.209920    NaN
729 2014-01-16  11683.753632  11910.158450  11403.259700   6720.419874    NaN
730 2014-01-15  11645.703362  11926.197294  11411.276139   6712.780822    NaN
731 2014-01-14  11632.665722  11933.691355  11400.937793   6708.287964    NaN
732 2014-01-12  11686.528403  11928.896587  11428.882115   6724.320843    NaN
733 2014-01-09  11721.293454  11948.371605  11439.969270   6741.549431    NaN
734 2014-01-08  11690.945784  11927.468481  11480.422889   6749.490393    NaN
735 2014-01-06  11755.826108  11973.843064  11455.398329   6748.364196    NaN
736 2014-01-05  11750.886349  12035.728149  11519.158421   6816.768100    NaN
737 2014-01-02  11691.474126  12032.431001  11443.115464   6811.300000    NaN

[738 rows x 6 columns]